#
#
#  Percent Identity  Matrix - created by Clustal2.1 
#
#

     1: NP_001268629.1          100.00   98.19   97.83   96.56   96.75   96.75   96.38   98.19   98.01   97.65   97.29
     2: NP_031531.1              98.19  100.00   98.55   97.29   97.47   97.47   97.11   97.83   98.19   97.83   97.47
     3: NP_075581.1              97.83   98.55  100.00   96.93   96.75   96.75   96.02   97.47   97.65   97.11   96.38
     4: XP_004855141.1           96.56   97.29   96.93  100.00   98.01   98.01   97.29   97.65   97.65   97.29   97.11
     5: NP_001001937.1           96.75   97.47   96.75   98.01  100.00  100.00   98.92   97.65   97.65   98.37   98.19
     6: NP_001129208.1           96.75   97.47   96.75   98.01  100.00  100.00   98.92   97.65   97.65   98.37   98.19
     7: NP_001253341.1           96.38   97.11   96.02   97.29   98.92   98.92  100.00   97.29   97.29   98.01   97.83
     8: XP_006085199.1           98.19   97.83   97.47   97.65   97.65   97.65   97.29  100.00   98.37   98.37   97.83
     9: NP_001274083.1           98.01   98.19   97.65   97.65   97.65   97.65   97.29   98.37  100.00   98.73   98.19
    10: XP_005612929.1           97.65   97.83   97.11   97.29   98.37   98.37   98.01   98.37   98.73  100.00   98.92
    11: tr|G3TDU4|G3TDU4_LOXAF   97.29   97.47   96.38   97.11   98.19   98.19   97.83   97.83   98.19   98.92  100.00
